date,open,high,close,low,volume,price_change,p_change,ma5,ma10,ma20,v_ma5,v_ma10,v_ma20,turnover
2020-09-30,6.45,6.59,6.43,6.3,262248.03,-0.04,-0.62,6.338,6.288,6.109,247952.71,319768.25,262260.05,1.95
2020-09-29,6.17,6.55,6.47,6.14,314071.19,0.25,4.02,6.328,6.235,6.097,285100.7,310636.44,259094.76,2.33
2020-09-28,6.46,6.46,6.22,6.18,210074.64,0.04,0.65,6.266,6.175,6.09,268015.86,295366.19,258693.95,1.56
2020-09-25,6.42,6.45,6.18,6.16,193426.16,-0.21,-3.29,6.282,6.133,6.098,320099.29,291460.68,262171.26,1.43
2020-09-24,6.41,6.45,6.39,6.28,259943.52,0.01,0.16,6.34,6.101,6.114,414525.53,289388.59,269031.74,1.93
2020-09-23,6.2,6.64,6.38,6.12,447988.0,0.22,3.57,6.238,6.034,6.117,391583.79,284746.83,280747.85,3.32
2020-09-22,6.28,6.34,6.16,6.15,228647.0,-0.14,-2.22,6.142,5.978,6.121,336172.17,261527.91,293629.9,1.7
2020-09-21,6.46,6.5,6.3,6.3,470491.75,-0.17,-2.63,6.084,5.967,6.169,322716.52,257695.4,297646.98,3.49
2020-09-18,5.87,6.47,6.47,5.86,665557.38,0.59,10.03,5.984,5.94,6.217,262822.07,234752.53,290084.37,4.94
2020-09-17,5.88,5.93,5.88,5.8,145234.84,-0.02,-0.34,5.862,5.909,6.262,164251.65,190869.53,276347.05,1.08
2020-09-16,5.86,5.92,5.9,5.78,170929.88,0.03,0.51,5.83,5.929,6.337,177909.87,204751.86,299865.87,1.27
2020-09-15,5.79,5.92,5.87,5.76,161368.77,0.07,1.21,5.814,5.959,6.452,186883.66,207553.08,315065.27,1.2
2020-09-14,5.87,5.88,5.8,5.7,171019.5,-0.06,-1.02,5.85,6.004,6.583,192674.27,222021.71,331428.52,1.27
2020-09-11,5.72,5.87,5.86,5.69,172705.27,0.14,2.45,5.896,6.063,6.711,206682.98,232881.84,341460.46,1.28
2020-09-10,5.91,5.96,5.72,5.66,213525.95,-0.1,-1.72,5.956,6.126,6.825,217487.41,248674.9,345111.37,1.58
2020-09-09,5.99,6.03,5.82,5.81,215798.8,-0.23,-3.8,6.028,6.2,6.943,231593.84,276748.86,347827.91,1.6
2020-09-08,6.03,6.08,6.05,5.92,190321.81,0.02,0.33,6.104,6.263,7.058,228222.5,325731.89,358590.42,1.41
2020-09-07,6.16,6.25,6.03,5.99,241063.06,-0.13,-2.11,6.158,6.371,7.157,251369.14,337598.56,376102.64,1.79
2020-09-04,6.03,6.21,6.16,5.93,226727.42,0.08,1.32,6.23,6.493,7.283,259080.71,345416.21,394424.46,1.68
2020-09-03,6.18,6.27,6.08,6.06,284058.12,-0.12,-1.94,6.296,6.615,7.393,279862.39,361824.57,408961.52,2.11
2020-09-02,6.33,6.38,6.2,6.17,198942.09,-0.12,-1.9,6.372,6.745,7.517,321903.88,394979.87,424321.27,1.48
2020-09-01,6.35,6.38,6.32,6.18,306055.03,-0.07,-1.09,6.422,6.945,7.648,423241.29,422577.46,451968.65,2.27
2020-08-31,6.5,6.6,6.39,6.38,279620.88,-0.1,-1.54,6.584,7.161,7.784,423827.97,440835.33,498506.36,2.07
2020-08-28,6.46,6.54,6.49,6.31,330635.81,0.03,0.46,6.756,7.358,7.92,431751.72,450039.08,533429.82,2.45
2020-08-27,6.49,6.86,6.46,6.35,494265.59,0.01,0.15,6.934,7.524,8.009,443786.75,441547.84,549118.77,3.67
2020-08-26,7.14,7.16,6.45,6.42,705629.12,-0.68,-9.54,7.118,7.685,8.074,468055.87,418906.96,552750.7,5.23
2020-08-25,7.29,7.37,7.13,7.06,308988.47,-0.12,-1.66,7.468,7.853,8.128,421913.63,391448.94,537316.41,2.29
2020-08-24,7.4,7.4,7.25,7.08,319239.59,-0.13,-1.76,7.738,7.942,8.132,457842.68,414606.72,535865.63,2.37
2020-08-21,7.3,7.54,7.38,7.21,390810.97,0.0,0.0,7.96,8.073,8.132,468326.43,443432.71,538263.6,2.9
2020-08-20,8.02,8.08,7.38,7.38,615611.19,-0.82,-10.0,8.114,8.17,8.129,439308.94,456098.47,553166.43,4.57
2020-08-19,8.48,8.68,8.2,8.2,474917.91,-0.28,-3.3,8.252,8.288,8.126,369758.06,453662.66,541902.52,3.52
2020-08-18,8.36,8.57,8.48,8.14,488633.72,0.12,1.44,8.238,8.35,8.096,360984.26,481359.84,550104.71,3.62
2020-08-17,8.15,8.43,8.36,8.04,371658.38,0.21,2.58,8.146,8.406,8.059,371370.75,556177.39,553597.51,2.76
2020-08-14,8.03,8.19,8.15,7.98,245723.48,0.08,0.99,8.186,8.481,8.01,418538.98,616820.56,556891.74,1.82
2020-08-13,8.14,8.16,8.07,7.85,267856.81,-0.06,-0.74,8.226,8.494,7.96,472887.99,656689.69,568731.77,1.99
2020-08-12,8.08,8.4,8.13,8.0,431048.91,0.11,1.37,8.324,8.462,7.914,537567.26,686594.44,593661.05,3.2
2020-08-11,8.56,8.68,8.02,7.98,540566.19,-0.54,-6.31,8.462,8.402,7.899,601735.41,683183.88,608136.26,4.01
2020-08-10,8.25,8.8,8.56,8.03,607499.5,0.21,2.52,8.666,8.322,7.933,740984.02,657124.55,623715.29,4.51
2020-08-07,8.46,8.66,8.35,8.18,517468.56,-0.21,-2.45,8.776,8.19,7.961,815102.14,633094.5,660506.63,3.84
2020-08-06,8.76,9.06,8.56,8.47,591253.12,-0.26,-2.95,8.762,8.087,7.972,840491.39,650234.39,694343.02,4.39
2020-08-05,8.82,9.29,8.82,8.2,751889.69,-0.22,-2.43,8.6,7.964,7.934,835621.62,630142.38,705071.57,5.58
2020-08-04,9.4,9.89,9.04,9.01,1236809.25,-0.07,-0.77,8.342,7.842,7.876,764632.35,618849.58,706423.68,9.17
2020-08-03,8.6,9.11,9.11,8.4,978090.06,0.83,10.02,7.978,7.712,7.808,573265.07,551017.63,693978.84,7.25
2020-07-31,7.72,8.37,8.28,7.6,644414.81,0.53,6.84,7.604,7.539,7.736,451086.86,496962.92,700767.62,4.78
2020-07-30,7.6,7.88,7.75,7.46,566904.31,0.22,2.92,7.412,7.425,7.698,459977.39,480773.85,712631.24,4.2
2020-07-29,7.23,7.56,7.53,7.12,396943.31,0.31,4.29,7.328,7.365,7.684,424663.13,500727.66,755359.08,2.94
2020-07-28,7.34,7.4,7.22,7.14,279972.84,-0.02,-0.28,7.342,7.395,7.682,473066.82,533088.64,788401.96,2.08
2020-07-27,7.24,7.46,7.24,7.05,367199.03,-0.08,-1.09,7.446,7.543,7.662,528770.19,590306.03,802907.9,2.72
2020-07-24,7.34,7.9,7.32,7.3,688867.44,-0.01,-0.14,7.474,7.732,7.629,542838.98,687918.75,815700.47,5.11
2020-07-23,7.45,7.55,7.33,7.14,390333.03,-0.27,-3.55,7.438,7.856,7.581,501570.32,738451.65,781257.35,2.89
2020-07-22,7.58,7.91,7.6,7.47,638961.75,-0.14,-1.81,7.402,7.904,7.531,576792.19,780000.76,785197.82,4.74
2020-07-21,7.42,7.79,7.74,7.3,558489.69,0.36,4.88,7.448,7.909,7.463,593110.46,793997.77,783554.32,4.14
2020-07-20,7.18,7.47,7.38,7.18,437542.97,0.24,3.36,7.64,7.903,7.38,651841.88,836940.05,777335.57,3.25
2020-07-17,7.11,7.23,7.14,6.85,482524.16,-0.01,-0.14,7.99,7.933,7.313,832998.53,904572.33,782328.69,3.58
2020-07-16,7.55,7.74,7.15,7.09,766442.38,-0.68,-8.69,8.274,7.97,7.259,975332.98,944488.63,795850.71,5.68
2020-07-15,8.68,8.68,7.83,7.83,720553.12,-0.87,-10.0,8.406,8.003,7.206,983209.34,1009990.51,796801.31,5.34
2020-07-14,8.95,9.16,8.7,8.51,852146.75,-0.43,-4.71,8.37,7.969,7.12,994885.08,1043715.27,806513.28,6.32
2020-07-13,8.56,9.17,9.13,8.25,1343326.25,0.57,6.66,8.166,7.78,6.976,1022038.23,1015509.77,794291.3,9.96
2020-07-10,7.8,8.59,8.56,7.8,1194196.38,0.75,9.6,7.876,7.526,6.785,976146.13,943482.19,747414.46,8.86
2020-07-09,7.66,7.94,7.81,7.61,805824.19,0.16,2.09,7.666,7.305,6.613,913644.29,824063.05,696956.99,5.98
2020-07-08,7.55,7.65,7.65,7.33,778931.81,-0.03,-0.39,7.6,7.158,6.482,1036771.67,790394.88,664589.44,5.78
2020-07-07,7.61,8.09,7.68,7.53,987912.5,0.0,0.0,7.568,7.017,6.354,1092545.46,773110.88,632640.21,7.33
2020-07-06,7.43,7.93,7.68,7.41,1113865.75,0.17,2.26,7.394,6.856,6.23,1008981.31,717731.08,595522.4,8.26
2020-07-03,7.48,7.65,7.51,7.26,881687.19,0.03,0.4,7.176,6.693,6.1,910818.25,660085.05,545763.05,6.54
2020-07-02,7.72,8.2,7.48,7.39,1421461.12,-0.01,-0.13,6.944,6.548,5.98,734481.81,647212.79,511013.35,10.54
2020-07-01,6.69,7.49,7.49,6.66,1057800.75,0.68,9.98,6.716,6.408,5.863,544018.08,583612.11,455031.85,7.85
2020-06-30,6.53,6.86,6.81,6.47,570091.75,0.22,3.34,6.466,6.27,5.741,453676.29,569311.29,416595.54,4.23
2020-06-29,6.29,6.73,6.59,6.22,623050.44,0.25,3.94,6.318,6.172,5.644,426480.86,573072.82,393920.44,4.62
2020-06-26,6.34,6.35,6.35,6.34,5.0,0.01,0.16,6.21,6.043,5.555,409351.84,551346.74,366659.26,0.0
2020-06-24,6.28,6.39,6.34,6.07,469142.47,0.1,1.6,6.152,5.921,5.478,559943.77,569850.93,369882.9,3.48
2020-06-23,6.05,6.45,6.24,5.98,606091.81,0.17,2.8,6.1,5.806,5.401,623206.14,538784.01,349190.3,4.5
2020-06-22,6.07,6.19,6.07,5.92,434114.56,0.02,0.33,6.074,5.69,5.33,684946.29,492169.55,324383.09,3.22
2020-06-19,5.91,6.1,6.05,5.8,537405.38,-0.01,-0.17,6.026,5.603,5.262,719664.79,473313.72,304861.24,3.99
2020-06-18,5.92,6.31,6.06,5.9,752964.62,0.16,2.71,5.876,5.506,5.194,693341.63,431441.06,282292.56,5.58
2020-06-17,6.01,6.51,6.08,5.91,785454.31,-0.03,-0.49,5.69,5.412,5.13,579758.09,374813.91,247877.68,5.83
2020-06-16,5.98,6.27,6.11,5.75,914792.56,0.28,4.8,5.512,5.318,5.068,454361.88,326451.59,212522.06,6.78
2020-06-15,5.37,5.83,5.83,5.32,607707.06,0.53,10.0,5.306,5.212,5.005,299392.8,263879.78,170168.29,4.51
2020-06-12,5.05,5.37,5.3,5.01,405789.62,0.17,3.31,5.18,5.116,4.956,226962.65,214768.05,145004.1,3.01
2020-06-11,5.17,5.28,5.13,5.1,185046.88,-0.06,-1.16,5.136,5.067,4.937,169540.48,181971.78,133155.68,1.37
2020-06-10,5.11,5.25,5.19,5.08,158473.3,0.11,2.17,5.134,5.035,4.926,169869.74,169914.87,129981.36,1.18
2020-06-09,5.18,5.18,5.08,5.08,139947.16,-0.12,-2.31,5.124,4.995,4.913,198541.29,159596.59,127403.48,1.04
2020-06-08,5.11,5.35,5.2,5.05,245556.28,0.12,2.36,5.118,4.969,4.903,228366.76,156596.63,123619.63,1.82
2020-06-05,5.1,5.18,5.08,5.05,118678.78,-0.04,-0.78,5.052,4.921,4.89,202573.46,136408.77,115316.21,0.88
2020-06-04,5.1,5.25,5.12,5.07,186693.16,-0.02,-0.39,4.998,4.881,4.883,194403.07,133144.06,113167.25,1.38
2020-06-03,5.0,5.26,5.14,4.96,301831.09,0.09,1.78,4.936,4.848,4.874,169960.01,120941.44,110863.5,2.24
2020-06-02,4.9,5.23,5.05,4.89,289074.47,0.18,3.7,4.866,4.818,4.866,120651.88,98592.54,102369.84,2.14
2020-06-01,4.85,4.89,4.87,4.82,116589.79,0.06,1.25,4.82,4.797,4.863,84826.5,76456.8,93943.75,0.86
2020-05-29,4.79,4.89,4.81,4.77,77826.85,0.0,0.0,4.79,4.795,4.867,70244.08,75240.14,93591.55,0.58
2020-05-28,4.81,4.87,4.81,4.75,64477.85,0.02,0.42,4.764,4.807,4.871,71885.06,84339.59,98706.75,0.48
2020-05-27,4.8,4.82,4.79,4.77,55290.44,-0.03,-0.62,4.76,4.817,4.883,71922.88,90047.84,106319.5,0.41
2020-05-26,4.73,4.87,4.82,4.72,109947.57,0.1,2.12,4.77,4.83,4.898,76533.19,95210.37,120483.65,0.82
2020-05-25,4.68,4.74,4.72,4.64,43677.71,0.04,0.85,4.774,4.837,4.912,68087.09,90642.63,133066.65,0.32
2020-05-22,4.78,4.8,4.68,4.67,86031.71,-0.11,-2.3,4.8,4.859,4.93,80236.2,94223.65,154779.51,0.64
2020-05-21,4.82,4.85,4.79,4.79,64666.95,-0.05,-1.03,4.85,4.885,4.928,96794.13,93190.44,154597.11,0.48
2020-05-20,4.87,4.87,4.84,4.8,78342.01,0.0,0.0,4.874,4.9,4.921,108172.81,100785.56,155608.29,0.58
2020-05-19,4.87,4.9,4.84,4.84,67717.07,-0.01,-0.21,4.89,4.913,4.91,113887.54,106147.14,155898.93,0.5
2020-05-18,4.91,4.91,4.85,4.82,104423.26,-0.08,-1.62,4.9,4.928,4.9,113198.18,111430.71,156870.14,0.77
2020-05-15,4.97,5.1,4.93,4.92,168821.34,0.02,0.41,4.918,4.938,4.888,108211.11,111942.95,154878.92,1.25
2020-05-14,4.9,5.02,4.91,4.8,121560.36,-0.01,-0.2,4.92,4.934,4.876,89586.74,113073.9,151257.01,0.9
2020-05-13,4.88,4.94,4.92,4.79,106915.67,0.03,0.61,4.926,4.948,4.861,93398.31,122591.16,149188.24,0.79
2020-05-12,4.95,4.98,4.89,4.89,64270.26,-0.05,-1.01,4.936,4.965,4.849,98406.74,145756.94,149260.19,0.48
2020-05-11,4.93,4.97,4.94,4.92,79487.9,0.0,0.0,4.956,4.986,4.838,109663.25,175490.66,150748.81,0.59
2020-05-08,4.97,4.97,4.94,4.92,75699.53,0.0,0.0,4.958,5.001,4.823,115674.8,215335.37,151719.4,0.56
2020-05-07,4.98,4.99,4.94,4.88,140618.2,-0.03,-0.6,4.948,4.97,4.811,136561.06,216003.79,157479.06,1.04
2020-05-06,4.96,5.0,4.97,4.86,131957.81,-0.02,-0.4,4.97,4.941,4.801,151784.02,210431.01,162266.74,0.98
2020-04-30,4.91,5.02,4.99,4.91,120552.8,0.04,0.81,4.994,4.907,4.778,193107.14,205650.71,159859.18,0.89
2020-04-29,4.92,4.96,4.95,4.82,109545.67,0.06,1.23,5.016,4.871,4.75,241318.07,202309.58,157172.72,0.81
2020-04-28,5.06,5.11,4.89,4.86,180130.8,-0.16,-3.17,5.044,4.838,4.726,314995.93,197814.88,155857.99,1.34
2020-04-27,5.15,5.23,5.05,5.03,216733.0,-0.04,-0.79,4.992,4.817,4.707,295446.53,189440.11,151313.85,1.61
2020-04-24,5.16,5.27,5.09,5.05,338573.41,-0.01,-0.2,4.912,4.773,4.684,269078.01,175785.31,146465.55,2.51
2020-04-23,5.07,5.21,5.1,4.99,361607.47,0.01,0.2,4.82,4.733,4.656,218194.28,152763.43,133705.32,2.68
2020-04-22,4.6,5.09,5.09,4.55,477934.97,0.46,9.94,4.726,4.69,4.633,163301.08,126006.95,123107.0,3.54
2020-04-21,4.63,4.64,4.63,4.55,82383.81,-0.02,-0.43,4.632,4.645,4.604,80633.83,88103.43,103801.32,0.61
2020-04-20,4.62,4.66,4.65,4.59,84890.38,0.02,0.43,4.642,4.652,4.595,83433.69,98954.32,104196.95,0.63
2020-04-17,4.66,4.67,4.63,4.6,84154.79,0.0,0.0,4.634,4.66,4.594,82492.62,114102.47,104269.25,0.62
2020-04-16,4.62,4.66,4.63,4.6,87141.45,0.01,0.22,4.646,4.648,4.591,87332.58,114067.66,105097.68,0.65
2020-04-15,4.66,4.67,4.62,4.62,64598.72,-0.06,-1.28,4.654,4.628,4.588,88712.83,112035.86,107273.75,0.48
2020-04-14,4.65,4.71,4.68,4.62,96383.13,0.07,1.52,4.658,4.614,4.591,95573.02,113901.1,111951.69,0.71
2020-04-13,4.67,4.67,4.61,4.58,80185.0,-0.08,-1.71,4.662,4.597,4.594,114474.95,113187.58,119705.75,0.59
2020-04-10,4.69,4.71,4.69,4.62,108354.62,0.02,0.43,4.686,4.594,4.603,145712.33,117145.78,124062.84,0.8
2020-04-09,4.67,4.73,4.67,4.66,94042.66,0.03,0.65,4.65,4.579,4.607,140802.73,114647.21,124391.95,0.7
2020-04-08,4.65,4.68,4.64,4.62,98899.71,-0.06,-1.28,4.602,4.575,4.617,135358.9,120207.04,127469.56,0.73
2020-04-07,4.65,4.74,4.7,4.62,190892.78,-0.03,-0.63,4.57,4.563,4.628,132229.17,119499.21,130224.29,1.42
2020-04-03,4.5,4.86,4.73,4.44,236371.88,0.22,4.88,4.532,4.538,4.633,111900.2,109439.57,128497.32,1.75
2020-04-02,4.43,4.51,4.51,4.4,83806.6,0.08,1.81,4.502,4.527,4.644,88579.24,94436.04,124673.77,0.62
2020-04-01,4.47,4.53,4.43,4.4,66823.54,-0.05,-1.12,4.508,4.533,4.673,88491.7,96127.71,133126.78,0.5
2020-03-31,4.56,4.56,4.48,4.44,83251.07,-0.03,-0.67,4.548,4.547,4.706,105055.18,102511.64,149144.6,0.62
2020-03-30,4.57,4.57,4.51,4.45,89247.93,-0.07,-1.53,4.556,4.567,4.735,106769.25,110002.28,158477.08,0.66
2020-03-27,4.6,4.66,4.58,4.54,119767.05,0.04,0.88,4.544,4.591,4.751,106978.94,126223.92,161690.71,0.89
2020-03-26,4.61,4.61,4.54,4.52,83368.92,-0.09,-1.94,4.552,4.611,4.753,100292.83,130979.89,162666.44,0.62
2020-03-25,4.6,4.69,4.63,4.51,149640.92,0.11,2.43,4.558,4.634,4.766,103763.72,134136.68,164139.72,1.11
2020-03-24,4.49,4.57,4.52,4.45,91821.41,0.07,1.57,4.546,4.659,4.776,99968.1,134732.08,167871.93,0.68
2020-03-23,4.51,4.57,4.45,4.42,90296.4,-0.17,-3.68,4.578,4.692,4.787,113235.32,140949.36,170980.15,0.67
2020-03-20,4.62,4.65,4.62,4.56,86336.51,0.05,1.09,4.638,4.727,4.806,145468.89,147555.07,173683.15,0.64
2020-03-19,4.55,4.63,4.57,4.46,100723.35,0.0,0.0,4.67,4.76,4.819,161666.96,154911.5,174791.54,0.75
2020-03-18,4.7,4.78,4.57,4.56,130662.84,-0.11,-2.35,4.71,4.812,4.835,164509.64,170125.84,175092.04,0.97
2020-03-17,4.74,4.85,4.68,4.6,158157.48,-0.07,-1.47,4.772,4.865,4.848,169496.05,195777.57,174708.8,1.17
2020-03-16,4.85,5.03,4.75,4.71,251464.28,-0.03,-0.63,4.806,4.903,4.855,168663.41,206951.88,171888.0,1.87
2020-03-13,4.51,4.81,4.78,4.51,167326.83,0.01,0.21,4.816,4.91,4.859,149641.24,197157.5,165509.24,1.24
2020-03-12,4.83,4.83,4.77,4.74,114936.75,-0.11,-2.25,4.85,4.895,4.856,148156.04,194352.98,161792.24,0.85
2020-03-11,4.88,4.94,4.88,4.81,155594.91,0.03,0.62,4.914,4.897,4.851,175742.04,194142.75,160848.12,1.15
2020-03-10,4.74,4.9,4.85,4.71,153994.27,0.05,1.04,4.958,4.893,4.84,222059.09,201011.78,157335.95,1.14
2020-03-09,4.88,4.91,4.8,4.79,156353.44,-0.15,-3.03,5.0,4.882,4.831,245240.36,201010.95,156705.59,1.16
2020-03-06,5.05,5.06,4.95,4.94,159900.83,-0.14,-2.75,5.004,4.884,4.82,244673.76,199811.23,153812.34,1.19
2020-03-05,5.0,5.13,5.09,4.98,252866.77,-0.01,-0.2,4.94,4.878,4.799,240549.92,194671.58,151551.28,1.88
2020-03-04,5.06,5.2,5.1,4.89,387180.12,0.04,0.79,4.88,4.857,4.772,212543.46,180058.24,143521.66,2.87
2020-03-03,4.88,5.19,5.06,4.78,269900.62,0.24,4.98,4.828,4.831,4.742,179964.48,153640.03,129713.23,2.0
2020-03-02,4.63,4.86,4.82,4.63,153520.44,0.19,4.1,4.764,4.806,4.711,156781.54,136824.12,123887.36,1.14
2020-02-28,4.7,4.79,4.63,4.58,139281.66,-0.16,-3.34,4.764,4.808,4.699,154948.71,133860.98,118124.49,1.03
2020-02-27,4.86,4.9,4.79,4.75,112834.48,-0.05,-1.03,4.816,4.817,4.721,148793.24,129231.49,117778.26,0.84
2020-02-26,4.66,4.97,4.84,4.66,224285.2,0.1,2.11,4.834,4.804,4.745,147573.01,127553.49,115927.99,1.66
2020-02-25,4.75,4.78,4.74,4.62,153985.91,-0.08,-1.66,4.834,4.787,4.765,127315.59,113660.11,110849.23,1.14
2020-02-24,4.83,4.87,4.82,4.76,144356.31,-0.07,-1.43,4.848,4.779,4.796,116866.7,112400.23,107189.81,1.07
2020-02-21,4.85,4.93,4.89,4.83,108504.29,0.01,0.2,4.852,4.756,4.823,112773.24,107813.45,102444.48,0.8
2020-02-20,4.84,4.9,4.88,4.8,106733.32,0.04,0.83,4.818,4.719,4.848,109669.75,108430.98,101205.55,0.79
2020-02-19,4.82,4.92,4.84,4.79,122998.11,0.03,0.62,4.774,4.687,4.877,107533.98,106985.08,100333.58,0.91
2020-02-18,4.82,4.88,4.81,4.78,101741.47,-0.03,-0.62,4.74,4.653,4.91,100004.64,105786.42,99230.86,0.75
2020-02-17,4.71,4.85,4.84,4.7,123889.03,0.12,2.54,4.71,4.616,4.946,107933.77,110950.61,99881.22,0.92
2020-02-14,4.66,4.74,4.72,4.62,92986.82,0.06,1.29,4.66,4.589,4.977,102853.66,102388.01,100419.09,0.69
2020-02-13,4.69,4.78,4.66,4.61,96054.45,-0.01,-0.21,4.62,4.625,5.015,107192.2,106325.03,99816.14,0.71
2020-02-12,4.67,4.7,4.67,4.6,85351.42,0.01,0.21,4.6,4.685,5.051,106436.19,104302.48,100373.33,0.63
2020-02-11,4.58,4.74,4.66,4.58,141387.11,0.07,1.52,4.566,4.742,5.092,111568.21,108038.35,100469.35,1.05
2020-02-10,4.47,4.6,4.59,4.45,98488.52,0.07,1.55,4.522,4.813,5.132,113967.45,101979.4,98756.86,0.73
2020-02-07,4.57,4.58,4.52,4.46,114679.52,-0.04,-0.88,4.518,4.889,5.177,101922.35,97075.51,102115.03,0.85
2020-02-06,4.53,4.57,4.56,4.44,92274.38,0.06,1.33,4.63,4.976,5.221,105457.86,93980.12,102618.64,0.68
2020-02-05,4.45,4.61,4.5,4.42,111011.51,0.06,1.35,4.77,5.067,5.261,102168.78,93682.07,101085.13,0.82
2020-02-04,4.21,4.52,4.44,4.21,153383.33,-0.13,-2.85,4.918,5.167,5.302,104508.5,92675.3,100033.62,1.14
2020-02-03,4.57,4.57,4.57,4.57,38263.0,-0.51,-10.04,5.104,5.276,5.343,89991.34,88811.83,96309.08,0.28
2020-01-23,5.23,5.23,5.08,5.04,132357.09,-0.18,-3.42,5.26,5.365,5.379,92228.66,98450.17,98487.22,0.98
2020-01-22,5.24,5.27,5.26,5.17,75828.95,0.02,0.38,5.322,5.404,5.387,82502.37,93307.24,95499.14,0.56
2020-01-21,5.36,5.37,5.24,5.19,122710.13,-0.13,-2.42,5.364,5.417,5.388,85195.36,96444.19,94601.67,0.91
2020-01-20,5.34,5.39,5.37,5.29,80797.53,0.02,0.37,5.416,5.442,5.388,80842.09,92900.34,92571.52,0.6
2020-01-17,5.41,5.42,5.35,5.34,49449.61,-0.04,-0.74,5.448,5.451,5.388,87632.32,95534.33,92964.22,0.37
2020-01-16,5.47,5.47,5.39,5.37,83725.65,-0.08,-1.46,5.47,5.464,5.391,104671.68,107154.56,93952.73,0.62
2020-01-15,5.5,5.51,5.47,5.39,89293.87,-0.03,-0.55,5.486,5.465,5.389,104112.11,111257.17,94305.28,0.66
2020-01-14,5.55,5.55,5.5,5.47,100943.8,-0.03,-0.54,5.47,5.454,5.385,107693.01,108488.18,98609.87,0.75
2020-01-13,5.47,5.54,5.53,5.42,114748.68,0.07,1.28,5.468,5.436,5.375,104958.6,107391.94,98348.58,0.85
2020-01-10,5.48,5.56,5.46,5.43,134646.41,-0.01,-0.18,5.454,5.41,5.36,103436.33,103806.34,96893.7,1.0
2020-01-09,5.43,5.51,5.47,5.4,80927.78,0.08,1.48,5.458,5.393,5.346,109637.44,98524.26,95152.9,0.6
2020-01-08,5.48,5.48,5.39,5.38,107198.39,-0.1,-1.82,5.444,5.37,5.337,118402.23,97691.04,98107.68,0.8
2020-01-07,5.46,5.53,5.49,5.44,87271.72,0.03,0.55,5.438,5.358,5.327,109283.35,92759.16,95559.56,0.65
2020-01-06,5.45,5.5,5.46,5.4,107137.35,-0.02,-0.36,5.404,5.334,5.314,109825.29,92242.69,95322.36,0.79
2020-01-03,5.4,5.54,5.48,5.39,165651.94,0.08,1.48,5.366,5.325,5.3,104176.34,90394.12,93146.5,1.23
2020-01-02,5.43,5.45,5.4,5.37,124751.76,0.04,0.75,5.328,5.317,5.284,87411.08,80750.89,87580.7,0.93
2019-12-31,5.34,5.37,5.36,5.3,61604.0,0.04,0.75,5.296,5.313,5.271,76979.84,77353.39,84459.35,0.46
2019-12-30,5.25,5.34,5.32,5.25,89981.41,0.05,0.95,5.278,5.316,5.26,76234.96,88731.56,84530.67,0.67
2019-12-27,5.29,5.35,5.27,5.26,78892.6,-0.02,-0.38,5.264,5.314,5.252,74660.08,89305.21,86546.13,0.59
2019-12-26,5.25,5.32,5.29,5.21,81825.63,0.05,0.95,5.284,5.31,5.245,76611.9,89981.07,84682.65,0.61
2019-12-25,5.27,5.27,5.24,5.19,72595.57,-0.03,-0.57,5.306,5.298,5.237,74090.71,91781.54,81965.02,0.54
2019-12-24,5.28,5.29,5.27,5.23,57879.6,0.02,0.38,5.33,5.303,5.232,77726.93,98524.32,80251.34,0.43
2019-12-23,5.37,5.39,5.25,5.25,82107.01,-0.12,-2.23,5.354,5.296,5.225,101228.17,98359.97,79587.36,0.61
2019-12-20,5.38,5.47,5.37,5.36,88651.69,-0.03,-0.56,5.364,5.293,5.223,103950.33,98402.03,78646.82,0.66
2019-12-19,5.39,5.41,5.4,5.36,69219.66,0.04,0.75,5.336,5.275,5.21,103350.24,95898.88,76639.01,0.51
2019-12-18,5.38,5.43,5.36,5.36,90776.7,-0.03,-0.56,5.29,5.25,5.195,109472.36,94410.51,74735.43,0.67
2019-12-17,5.29,5.45,5.39,5.27,175385.77,0.09,1.7,5.276,5.228,5.183,119321.7,91565.32,72175.65,1.3
2019-12-16,5.26,5.31,5.3,5.22,95717.83,0.07,1.34,5.238,5.204,5.171,95491.76,80329.79,65282.22,0.71
2019-12-13,5.19,5.25,5.23,5.18,85651.24,0.06,1.16,5.222,5.19,5.16,92853.73,83787.05,62514.2,0.64
2019-12-12,5.25,5.25,5.17,5.16,99830.28,-0.12,-2.27,5.214,5.179,5.152,88447.51,79384.24,60760.1,0.74
2019-12-11,5.24,5.31,5.29,5.17,140023.38,0.09,1.73,5.21,5.175,5.148,79348.66,72148.51,57499.57,1.04
2019-12-10,5.24,5.24,5.2,5.16,56236.09,-0.02,-0.38,5.18,5.16,5.137,63808.93,61978.35,52428.45,0.42
2019-12-09,5.19,5.25,5.22,5.18,82527.67,0.03,0.58,5.17,5.154,5.134,65167.81,60814.75,51577.01,0.61
2019-12-06,5.15,5.19,5.19,5.13,63620.14,0.04,0.78,5.158,5.152,5.13,74720.37,58891.61,50052.13,0.47
2019-12-05,5.15,5.17,5.15,5.12,54336.02,0.01,0.2,5.144,5.145,5.134,70320.96,57379.14,50464.41,0.4
2019-12-04,5.13,5.15,5.14,5.09,62324.74,-0.01,-0.19,5.14,5.139,5.138,64948.35,55060.36,49385.35,0.46
2019-12-03,5.13,5.18,5.15,5.1,63030.46,-0.01,-0.19,5.14,5.137,5.143,60147.78,52785.98,48582.71,0.47
2019-12-02,5.11,5.33,5.16,5.09,130290.51,0.04,0.78,5.138,5.138,5.148,56461.68,50234.65,48094.56,0.97
2019-11-29,5.14,5.16,5.12,5.08,41623.09,-0.01,-0.2,5.146,5.13,5.155,43062.84,41241.34,45905.44,0.31
2019-11-28,5.15,5.17,5.13,5.12,27472.95,-0.01,-0.2,5.146,5.124,5.167,44437.32,42135.96,50706.9,0.2
2019-11-27,5.14,5.19,5.14,5.12,38321.87,0.0,0.0,5.138,5.121,5.172,45172.36,42850.63,53069.83,0.28
2019-11-26,5.2,5.21,5.14,5.11,44600.0,-0.06,-1.15,5.134,5.114,5.176,45424.17,42878.55,57842.92,0.33
2019-11-25,5.12,5.22,5.2,5.08,63296.29,0.08,1.56,5.138,5.113,5.176,44007.61,42339.27,57201.44,0.47
2019-11-22,5.11,5.18,5.12,5.07,48495.51,0.03,0.59,5.114,5.107,5.175,39419.84,41212.65,57182.32,0.36
2019-11-21,5.11,5.13,5.09,5.06,31148.15,-0.03,-0.59,5.102,5.123,5.175,39834.59,43549.68,56284.51,0.23
2019-11-20,5.16,5.16,5.12,5.09,39580.92,-0.04,-0.78,5.104,5.136,5.175,40528.9,43710.35,56265.15,0.29
2019-11-19,5.08,5.16,5.16,5.05,37517.16,0.08,1.57,5.094,5.148,5.174,40332.92,44379.45,56574.95,0.28
2019-11-18,5.05,5.11,5.08,5.01,40357.45,0.02,0.4,5.088,5.158,5.171,40670.94,45954.48,56360.09,0.3
2019-11-15,5.08,5.1,5.06,5.0,50569.25,-0.04,-0.78,5.1,5.179,5.171,43005.46,50569.54,56440.14,0.38
2019-11-14,5.12,5.13,5.1,5.07,34619.73,0.03,0.59,5.144,5.209,5.171,47264.77,59277.85,56555.32,0.26
2019-11-13,5.17,5.17,5.07,5.06,38601.0,-0.06,-1.17,5.168,5.222,5.174,46891.8,63289.02,56417.49,0.29
2019-11-12,5.13,5.19,5.13,5.1,39207.25,-0.01,-0.2,5.202,5.237,5.18,48425.98,72807.3,59156.45,0.29
2019-11-11,5.22,5.25,5.14,5.14,52030.05,-0.14,-2.65,5.228,5.238,5.184,51238.02,72063.61,60089.85,0.39
2019-11-08,5.26,5.35,5.28,5.25,71865.82,0.06,1.15,5.258,5.243,5.188,58133.63,73151.99,60654.59,0.53
2019-11-07,5.22,5.27,5.22,5.2,32754.88,-0.02,-0.38,5.274,5.227,5.182,71290.93,69019.34,59272.53,0.24
2019-11-06,5.28,5.28,5.24,5.19,46271.91,-0.02,-0.38,5.276,5.214,5.177,79686.25,68819.94,59893.75,0.34
2019-11-05,5.29,5.32,5.26,5.21,53267.45,-0.03,-0.57,5.272,5.199,5.171,97188.62,68770.45,60345.22,0.4
2019-11-04,5.37,5.42,5.29,5.24,86508.1,-0.07,-1.31,5.248,5.184,5.161,92889.2,66765.71,59814.17,0.64
2019-11-01,5.23,5.37,5.36,5.17,137652.33,0.13,2.49,5.228,5.162,5.148,88170.34,62310.74,57528.52,1.02
2019-10-31,5.2,5.24,5.23,5.15,74731.45,0.01,0.19,5.18,5.132,5.135,66747.74,53832.8,53500.5,0.55
2019-10-30,5.17,5.3,5.22,5.17,133783.77,0.08,1.56,5.152,5.125,5.129,57953.64,49545.95,55064.33,0.99
2019-10-29,5.2,5.2,5.14,5.14,31770.33,-0.05,-0.96,5.126,5.122,5.131,40352.28,45505.6,53438.46,0.24
2019-10-28,5.14,5.19,5.19,5.12,62913.84,0.07,1.37,5.12,5.13,5.138,40642.22,48116.1,56111.31,0.47
2019-10-25,5.09,5.13,5.12,5.06,30539.31,0.03,0.59,5.096,5.133,5.147,36451.13,48157.18,59815.49,0.23
2019-10-24,5.08,5.1,5.09,5.04,30760.94,0.0,0.0,5.084,5.136,5.157,40917.85,49525.72,60875.78,0.23
2019-10-23,5.09,5.13,5.09,5.02,45777.0,-0.02,-0.39,5.098,5.139,5.17,41138.25,50967.56,62442.11,0.34
2019-10-22,5.07,5.11,5.11,5.05,33220.02,0.04,0.79,5.118,5.143,5.183,50658.91,51919.98,62606.53,0.25
2019-10-21,5.08,5.08,5.07,5.03,41958.38,0.01,0.2,5.14,5.138,5.196,55589.97,52862.63,64775.69,0.31
2019-10-18,5.16,5.17,5.06,5.04,52872.92,-0.1,-1.94,5.17,5.134,5.217,59863.24,52746.31,67098.48,0.39
2019-10-17,5.19,5.2,5.16,5.15,31862.95,-0.03,-0.58,5.188,5.138,5.241,58133.59,53168.21,69474.69,0.24
2019-10-16,5.2,5.28,5.19,5.16,93380.29,-0.03,-0.57,5.18,5.132,5.258,60796.86,60582.71,72870.25,0.69
2019-10-15,5.22,5.27,5.22,5.16,57875.3,0.0,0.0,5.168,5.139,5.276,53181.04,61371.32,74767.88,0.43
2019-10-14,5.18,5.25,5.22,5.16,63324.73,0.07,1.36,5.136,5.145,5.294,50135.29,64106.53,79528.98,0.47
2019-10-11,5.13,5.16,5.15,5.09,44224.66,0.03,0.59,5.098,5.161,5.31,45629.38,71473.8,84495.17,0.33
2019-10-10,5.13,5.15,5.12,5.09,45179.3,-0.01,-0.2,5.088,5.178,5.329,48202.83,72225.84,97201.71,0.34
2019-10-09,5.03,5.15,5.13,5.02,55301.23,0.07,1.38,5.084,5.2,5.355,60368.56,73916.66,116026.03,0.41
2019-10-08,5.04,5.1,5.06,5.01,42646.54,0.03,0.6,5.11,5.223,5.371,69561.6,73293.09,123582.99,0.32
2019-09-30,5.09,5.12,5.03,5.03,40795.17,-0.07,-1.37,5.154,5.253,5.386,78077.76,76688.75,126785.32,0.3
2019-09-27,5.12,5.12,5.1,5.08,57091.9,0.0,0.0,5.224,5.299,5.4,97318.22,81450.65,131182.46,0.42
2019-09-26,5.25,5.29,5.1,5.09,106007.98,-0.16,-3.04,5.268,5.343,5.416,96248.85,85781.18,137906.65,0.79
2019-09-25,5.34,5.37,5.26,5.25,101266.42,-0.02,-0.38,5.316,5.383,5.429,87464.76,85157.78,137724.83,0.75
2019-09-24,5.33,5.38,5.28,5.28,85227.33,-0.1,-1.86,5.336,5.413,5.434,77024.57,88164.44,139926.52,0.63
2019-09-23,5.34,5.4,5.38,5.21,136997.47,0.06,1.13,5.352,5.442,5.44,75299.74,94951.44,142669.51,1.02
2019-09-20,5.33,5.37,5.32,5.3,51745.06,-0.02,-0.38,5.374,5.458,5.442,65583.07,97516.55,144653.44,0.38
2019-09-19,5.36,5.4,5.34,5.29,62087.54,-0.02,-0.37,5.418,5.479,5.454,75313.51,122177.57,159169.17,0.46
2019-09-18,5.36,5.4,5.36,5.36,49065.44,0.0,0.0,5.45,5.509,5.461,82850.8,158135.39,174212.84,0.36
2019-09-17,5.5,5.5,5.36,5.35,76603.17,-0.13,-2.37,5.49,5.518,5.47,99304.31,173872.9,204170.63,0.57
2019-09-16,5.55,5.55,5.49,5.46,88414.15,-0.05,-0.9,5.532,5.519,5.473,114603.13,176881.89,203421.02,0.66
2019-09-12,5.51,5.57,5.54,5.5,100397.24,0.04,0.73,5.542,5.5,5.444,129450.02,180914.28,202253.94,0.74
2019-09-11,5.56,5.58,5.5,5.49,99774.02,-0.06,-1.08,5.54,5.488,5.411,169041.64,190032.12,200427.73,0.74
2019-09-10,5.56,5.6,5.56,5.5,131332.95,-0.01,-0.18,5.568,5.474,5.383,233419.97,190291.89,197846.3,0.97
2019-09-09,5.59,5.59,5.57,5.5,153097.31,0.03,0.54,5.546,5.455,5.352,248441.48,191688.61,192491.68,1.14
2019-09-06,5.53,5.65,5.54,5.52,162648.59,0.01,0.18,5.506,5.437,5.323,239160.65,190387.58,186062.26,1.21
2019-09-05,5.6,5.66,5.53,5.51,298355.31,-0.11,-1.95,5.458,5.426,5.293,232378.54,191790.33,179026.54,2.21
2019-09-04,5.41,5.77,5.64,5.39,421665.69,0.19,3.49,5.436,5.428,5.265,211022.61,196160.77,165557.7,3.13
2019-09-03,5.35,5.63,5.45,5.34,206440.52,0.08,1.49,5.38,5.413,5.23,147163.8,190290.3,146240.33,1.53
2019-09-02,5.3,5.43,5.37,5.26,106693.14,0.07,1.32,5.364,5.422,5.204,134935.73,234468.37,139352.23,0.79
2019-08-30,5.43,5.46,5.3,5.26,128738.04,-0.12,-2.21,5.368,5.426,5.191,141614.5,229960.14,136127.12,0.95
2019-08-29,5.33,5.55,5.42,5.31,191575.64,0.06,1.12,5.394,5.388,5.182,151202.12,223593.6,132913.14,1.42
2019-08-28,5.34,5.37,5.36,5.3,102371.66,-0.01,-0.19,5.42,5.333,5.174,181298.93,210823.34,125195.01,0.76
2019-08-27,5.4,5.44,5.37,5.34,145300.16,-0.02,-0.37,5.446,5.291,5.17,233416.8,205400.72,122241.42,1.08
2019-08-26,5.25,5.4,5.39,5.23,140087.02,-0.04,-0.74,5.48,5.249,5.168,334001.01,193294.76,117033.86,1.04
2019-08-23,5.54,5.54,5.43,5.41,176676.12,-0.12,-2.16,5.484,5.208,5.165,318305.78,181736.95,111553.96,1.31
2019-08-22,5.52,5.67,5.55,5.5,342059.69,0.06,1.09,5.382,5.16,5.161,295985.08,166262.75,105654.37,2.54
2019-08-21,5.44,5.58,5.49,5.28,362961.03,-0.05,-0.9,5.246,5.101,5.156,240347.75,134954.63,94118.47,2.69
2019-08-20,5.89,5.89,5.54,5.48,648221.19,0.13,2.4,5.136,5.047,5.156,177384.64,102190.37,81743.23,4.81
2019-08-19,5.41,5.41,5.41,5.41,61610.88,0.49,9.96,5.018,4.985,5.146,52588.52,44236.09,51539.56,0.46
2019-08-16,4.85,5.01,4.92,4.84,65072.63,0.05,1.03,4.932,4.955,5.14,45168.12,42294.1,52921.43,0.48
2019-08-15,4.85,4.89,4.87,4.83,63873.03,-0.07,-1.42,4.938,4.976,5.169,36540.42,42232.69,56545.36,0.47
2019-08-14,5.0,5.02,4.94,4.92,48145.47,-0.01,-0.2,4.956,5.014,5.193,29561.51,39566.67,55122.74,0.36
2019-08-13,4.95,5.01,4.95,4.92,24240.57,-0.03,-0.6,4.958,5.049,5.218,26996.09,39082.12,54192.78,0.18
2019-08-12,4.88,4.98,4.98,4.88,24508.88,0.03,0.61,4.952,5.086,5.243,35883.67,40772.95,54691.35,0.18
2019-08-09,4.96,4.98,4.95,4.9,21934.14,-0.01,-0.2,4.978,5.121,5.265,39420.09,41370.96,56245.56,0.16
2019-08-08,4.95,4.98,4.96,4.93,28978.5,0.01,0.2,5.014,5.162,5.288,47924.96,45046.0,56609.65,0.21
2019-08-07,4.97,4.97,4.95,4.91,35318.37,0.03,0.61,5.072,5.21,5.31,49571.83,53282.32,56500.42,0.26
2019-08-06,4.97,5.09,4.92,4.84,68678.45,-0.19,-3.72,5.14,5.264,5.331,51168.15,61296.1,56956.36,0.51
2019-08-05,5.07,5.19,5.11,5.03,42191.0,-0.02,-0.39,5.22,5.306,5.357,45662.23,58843.02,55548.45,0.31
2019-08-02,5.17,5.18,5.13,5.04,64458.46,-0.12,-2.29,5.264,5.325,5.374,43321.83,63548.75,57464.45,0.48
2019-08-01,5.27,5.3,5.25,5.24,37212.86,-0.04,-0.76,5.31,5.361,5.398,42167.04,70858.03,56943.61,0.28
2019-07-31,5.31,5.32,5.29,5.27,43299.97,-0.03,-0.56,5.348,5.371,5.417,56992.8,70678.81,60746.99,0.32
2019-07-30,5.33,5.39,5.32,5.3,41148.85,-0.01,-0.19,5.388,5.387,5.43,71424.06,69303.43,61826.39,0.31
2019-07-29,5.35,5.37,5.33,5.31,30489.03,-0.03,-0.56,5.392,5.4,5.441,72023.82,68609.75,62618.68,0.23
2019-07-26,5.39,5.4,5.36,5.3,58684.49,-0.08,-1.47,5.386,5.408,5.453,83775.67,71120.15,65490.07,0.44
2019-07-25,5.49,5.49,5.44,5.38,111341.68,-0.05,-0.91,5.412,5.413,5.458,99549.02,68173.3,64674.09,0.83
2019-07-24,5.3,5.53,5.49,5.3,115456.23,0.15,2.81,5.394,5.409,5.462,84364.81,59718.53,61095.89,0.86
2019-07-23,5.28,5.4,5.34,5.27,44147.67,0.04,0.76,5.386,5.398,5.462,67182.81,52616.63,57247.99,0.33
2019-07-22,5.45,5.45,5.3,5.29,89248.27,-0.19,-3.46,5.408,5.407,5.472,65195.67,52253.87,57755.13,0.66
2019-07-19,5.4,5.61,5.49,5.35,137551.25,0.14,2.62,5.43,5.422,5.486,58464.63,51380.15,55997.79,1.02
2019-07-18,5.43,5.43,5.35,5.34,35420.65,-0.1,-1.83,5.414,5.434,5.491,36797.58,43029.2,53181.64,0.26
2019-07-17,5.46,5.47,5.45,5.41,29546.21,0.0,0.0,5.424,5.462,5.5,35072.25,50815.18,55884.38,0.22
2019-07-16,5.41,5.46,5.45,5.41,34211.99,0.04,0.74,5.41,5.472,5.501,38050.44,54349.35,57924.16,0.25
2019-07-15,5.39,5.44,5.41,5.27,55593.06,0.0,0.0,5.406,5.482,5.509,39312.07,56627.61,58929.63,0.41
2019-07-12,5.39,5.43,5.41,5.38,29215.98,0.01,0.18,5.414,5.498,5.52,44295.68,59859.99,58381.13,0.22
2019-07-11,5.4,5.44,5.4,5.36,26794.0,0.02,0.37,5.454,5.502,5.528,49260.81,61174.88,58955.55,0.2
2019-07-10,5.43,5.45,5.38,5.38,44437.18,-0.05,-0.92,5.5,5.514,5.539,66558.11,62473.26,59906.75,0.33
2019-07-09,5.4,5.47,5.43,5.39,40520.14,-0.02,-0.37,5.534,5.526,5.551,70648.26,61879.36,61270.07,0.3
2019-07-08,5.6,5.6,5.45,5.38,80511.08,-0.16,-2.85,5.558,5.536,5.562,73943.14,63256.4,63184.94,0.6
2019-07-05,5.64,5.64,5.61,5.57,54041.66,-0.02,-0.35,5.582,5.549,5.566,75424.3,60615.43,62046.16,0.4
2019-07-04,5.55,5.69,5.63,5.55,113280.47,0.08,1.44,5.55,5.547,5.557,73088.95,63334.09,62210.7,0.84
2019-07-03,5.56,5.6,5.55,5.52,64887.95,0.0,0.0,5.528,5.538,5.549,58388.4,60953.58,59022.63,0.48
2019-07-02,5.57,5.58,5.55,5.52,56994.54,-0.02,-0.36,5.518,5.529,5.544,53110.45,61498.98,58190.19,0.42
2019-07-01,5.54,5.59,5.57,5.49,87916.9,0.12,2.2,5.514,5.535,5.541,52569.65,61231.66,58011.67,0.65
2019-06-28,5.52,5.52,5.45,5.42,42364.9,-0.07,-1.27,5.516,5.541,5.537,45806.56,56902.27,56011.73,0.31
2019-06-27,5.52,5.57,5.52,5.5,39777.73,0.02,0.36,5.544,5.554,5.539,53579.23,56736.21,57710.21,0.3
2019-06-26,5.54,5.55,5.5,5.47,38498.2,-0.03,-0.54,5.548,5.564,5.544,63518.75,57340.25,59824.01,0.29
2019-06-25,5.6,5.6,5.53,5.45,54290.53,-0.05,-0.9,5.54,5.576,5.551,69887.5,60660.78,64193.37,0.4
2019-06-24,5.58,5.62,5.58,5.55,54101.46,-0.01,-0.18,5.556,5.588,5.563,69893.66,63113.49,69589.69,0.4
2019-06-21,5.58,5.65,5.59,5.55,81228.22,0.05,0.9,5.566,5.582,5.559,67997.97,63476.88,70630.8,0.6
2019-06-20,5.47,5.6,5.54,5.43,89475.35,0.08,1.47,5.564,5.566,5.55,59893.2,61087.31,70367.33,0.66
2019-06-19,5.53,5.53,5.46,5.45,70341.92,0.04,0.74,5.58,5.56,5.55,51161.74,57091.68,68453.59,0.52
2019-06-18,5.62,5.66,5.61,5.55,54321.37,-0.02,-0.35,5.612,5.559,5.558,51434.07,54881.4,67905.42,0.4
2019-06-17,5.57,5.67,5.63,5.55,44623.0,0.05,0.9,5.62,5.547,5.555,56333.31,54791.69,67691.71,0.33
2019-06-14,5.6,5.65,5.58,5.55,40704.34,-0.04,-0.71,5.598,5.533,5.552,58955.78,55121.19,69779.51,0.3
2019-06-13,5.59,5.64,5.62,5.57,45818.09,0.0,0.0,5.568,5.524,5.561,62281.42,58684.21,72750.74,0.34
2019-06-12,5.61,5.78,5.62,5.58,71703.55,-0.03,-0.53,5.54,5.523,5.567,63021.61,62307.76,76113.58,0.53
2019-06-11,5.55,5.66,5.65,5.51,78817.56,0.13,2.35,5.506,5.526,5.567,58328.72,67725.95,76012.45,0.58
2019-06-10,5.43,5.54,5.52,5.42,57735.38,0.09,1.66,5.474,5.537,5.568,53250.07,76065.9,75684.87,0.43
2019-06-06,5.49,5.53,5.43,5.4,57332.54,-0.05,-0.91,5.468,5.536,5.579,51286.59,77784.72,78372.53,0.43
2019-06-05,5.5,5.53,5.48,5.45,49519.02,0.03,0.55,5.48,5.533,5.586,55087.0,79647.35,79062.02,0.37
2019-06-04,5.49,5.49,5.45,5.42,48239.1,-0.04,-0.73,5.506,5.54,5.594,61593.92,79815.5,80339.47,0.36
2019-06-03,5.49,5.53,5.49,5.44,53424.31,0.0,0.0,5.546,5.557,5.606,77123.18,80929.44,83218.31,0.4
2019-05-31,5.54,5.54,5.49,5.46,47917.99,0.0,0.0,5.6,5.562,5.61,98881.72,80591.73,90158.82,0.36
2019-05-30,5.58,5.58,5.49,5.43,76334.56,-0.12,-2.14,5.604,5.571,5.641,104282.85,84437.83,91622.74,0.57
2019-05-29,5.6,5.65,5.61,5.56,82053.63,-0.04,-0.71,5.586,5.598,5.671,104207.71,86817.27,93144.2,0.61
2019-05-28,5.71,5.76,5.65,5.62,125885.4,-0.11,-1.91,5.574,5.61,5.697,98037.08,89919.4,93689.42,0.93
2019-05-27,5.47,5.76,5.76,5.45,162217.02,0.25,4.54,5.568,5.607,5.723,84735.69,84298.95,93852.7,1.2
2019-05-24,5.42,5.54,5.51,5.4,74923.66,0.11,2.04,5.524,5.599,5.76,62301.73,75303.84,90851.34,0.56
2019-05-23,5.57,5.58,5.4,5.38,75958.83,-0.15,-2.7,5.538,5.621,5.807,64592.8,78960.33,91681.43,0.56
2019-05-22,5.62,5.62,5.55,5.53,51200.51,-0.07,-1.25,5.61,5.638,5.863,69426.83,78476.68,94633.93,0.38
2019-05-21,5.53,5.63,5.62,5.53,59378.45,0.08,1.44,5.646,5.647,5.92,81801.71,80863.43,97149.71,0.44
2019-05-20,5.6,5.62,5.54,5.47,50047.21,-0.04,-0.72,5.646,5.655,5.975,83862.2,85507.19,100324.46,0.37
2019-05-17,5.75,5.76,5.58,5.55,86379.0,-0.18,-3.12,5.674,5.658,6.037,88305.95,99725.91,104376.03,0.64
2019-05-16,5.7,5.76,5.76,5.67,100129.0,0.03,0.52,5.704,5.71,6.1,93327.86,98807.65,111185.06,0.74
2019-05-15,5.63,5.73,5.73,5.63,113074.91,0.11,1.96,5.666,5.743,6.151,87526.53,99471.13,117008.01,0.84
2019-05-14,5.61,5.7,5.62,5.55,69680.87,-0.06,-1.06,5.648,5.783,6.21,79925.15,97459.44,117464.0,0.52
2019-05-13,5.65,5.76,5.68,5.63,72265.99,-0.05,-0.87,5.664,5.839,6.273,87152.17,103406.45,122521.64,0.54
2019-05-10,5.59,5.76,5.73,5.53,111488.55,0.16,2.87,5.642,5.92,6.339,111145.87,106398.83,127687.6,0.83
2019-05-09,5.57,5.69,5.57,5.56,71122.33,-0.07,-1.24,5.716,5.992,6.407,104287.44,104402.52,132263.4,0.53
2019-05-08,5.62,5.75,5.64,5.51,75068.02,-0.06,-1.05,5.82,6.087,6.483,111415.72,110791.18,143336.79,0.56
2019-05-07,5.61,5.71,5.7,5.55,105815.98,0.13,2.33,5.918,6.193,6.558,114993.73,113435.98,153878.85,0.79
2019-05-06,5.94,5.94,5.57,5.49,192234.45,-0.53,-8.69,6.014,6.294,6.631,119660.73,115141.73,166262.45,1.43
2019-04-30,6.07,6.25,6.1,6.07,77196.4,0.01,0.16,6.198,6.415,6.702,101651.79,109026.16,177293.12,0.57
2019-04-29,6.14,6.2,6.09,5.99,106763.76,-0.04,-0.65,6.268,6.489,6.747,104517.61,123562.47,195156.94,0.79
2019-04-26,6.2,6.23,6.13,6.13,92958.05,-0.05,-0.81,6.354,6.558,6.78,110166.63,134544.9,206920.39,0.69
2019-04-25,6.47,6.48,6.18,6.15,129151.01,-0.31,-4.78,6.468,6.637,6.801,111878.24,137468.56,213815.63,0.96
2019-04-24,6.45,6.51,6.49,6.34,102189.74,0.04,0.62,6.574,6.706,6.819,110622.73,141636.83,216674.51,0.76
2019-04-23,6.53,6.57,6.45,6.43,91525.5,-0.07,-1.07,6.632,6.757,6.82,116400.52,148976.37,228345.56,0.68
2019-04-22,6.73,6.75,6.52,6.51,135008.84,-0.18,-2.69,6.71,6.822,6.839,142607.34,160124.28,251590.39,1.0
2019-04-19,6.71,6.75,6.7,6.59,101516.1,-0.01,-0.15,6.762,6.879,6.852,158923.17,175882.4,266498.55,0.75
2019-04-18,6.77,6.81,6.71,6.69,122873.48,-0.07,-1.03,6.806,6.922,6.846,163058.88,194321.72,282394.53,0.91
2019-04-17,6.81,6.85,6.78,6.75,131078.67,-0.06,-0.88,6.838,6.967,6.835,172650.93,217383.17,292982.54,0.97
2019-04-16,6.75,6.86,6.84,6.59,222559.59,0.06,0.89,6.882,6.988,6.821,181552.22,245560.09,306877.59,1.65
2019-04-15,7.03,7.05,6.78,6.76,216588.0,-0.14,-2.02,6.934,7.004,6.815,177641.22,266751.4,325536.65,1.61
2019-04-12,6.88,6.94,6.92,6.81,122194.68,0.05,0.73,6.996,7.001,6.795,192841.64,279295.88,344191.12,0.91
2019-04-11,7.0,7.06,6.87,6.85,170833.69,-0.13,-1.86,7.038,6.964,6.749,225584.55,290162.69,351186.71,1.27
2019-04-10,7.06,7.1,7.0,6.94,175585.16,-0.1,-1.41,7.096,6.931,6.716,262115.41,291712.2,359233.74,1.3
2019-04-09,7.08,7.17,7.1,7.0,203004.56,0.01,0.14,7.094,6.882,6.675,309567.96,307714.75,363194.4,1.51
2019-04-08,7.25,7.27,7.09,6.93,292590.09,-0.04,-0.56,7.074,6.856,6.624,355861.57,343056.51,363939.58,2.17
2019-04-04,7.19,7.22,7.13,7.03,285909.25,-0.03,-0.42,7.006,6.825,6.566,365750.12,357114.7,369471.36,2.12
2019-04-03,6.96,7.23,7.16,6.9,353488.0,0.17,2.43,6.89,6.769,6.528,354740.83,370467.33,369581.68,2.62
2019-04-02,7.01,7.27,6.99,6.99,412847.91,-0.01,-0.14,6.766,6.703,6.488,321308.99,368581.91,369180.76,3.06
2019-04-01,6.85,7.03,7.0,6.77,434472.62,0.25,3.7,6.67,6.654,6.455,305861.54,368195.08,363730.68,3.22
2019-03-29,6.59,6.81,6.75,6.52,342032.84,0.2,3.05,6.638,6.625,6.417,330251.44,384321.9,362340.58,2.54
2019-03-28,6.53,6.76,6.55,6.43,230862.77,0.01,0.15,6.644,6.588,6.385,348479.28,409086.36,357115.14,1.71
2019-03-27,6.51,6.58,6.54,6.4,186328.8,0.03,0.46,6.648,6.533,6.363,386193.84,412210.73,364301.98,1.38
2019-03-26,6.73,6.82,6.51,6.44,335610.69,-0.33,-4.83,6.64,6.501,6.334,415854.82,426755.29,369067.99,2.49
2019-03-25,6.6,7.1,6.84,6.56,556422.12,0.06,0.89,6.638,6.468,6.304,430528.62,418674.05,369427.79,4.13
2019-03-22,6.55,6.83,6.78,6.43,433172.03,0.21,3.2,6.612,6.391,6.261,438392.35,384822.65,360534.5,3.21
2019-03-21,6.55,6.67,6.57,6.5,419435.56,0.07,1.08,6.532,6.307,6.208,469693.44,381828.02,346391.94,3.11
2019-03-20,6.44,6.54,6.5,6.3,334633.72,0.0,0.0,6.418,6.287,6.162,438227.61,368696.02,334060.5,2.48
2019-03-19,6.6,6.68,6.5,6.45,408979.69,-0.21,-3.13,6.362,6.272,6.122,437655.75,369779.61,328793.9,3.03
2019-03-18,6.31,6.98,6.71,6.23,595740.75,0.33,5.17,6.298,6.256,6.089,406819.47,359266.28,333290.51,4.42
2019-03-15,6.05,6.49,6.38,5.98,589677.5,0.38,6.33,6.17,6.208,6.043,331252.95,340359.26,313928.4,4.38
2019-03-14,6.21,6.28,6.0,5.91,262106.41,-0.22,-3.54,6.082,6.182,6.003,293962.6,305143.91,291424.0,1.94
2019-03-13,6.16,6.32,6.22,6.08,331774.41,0.04,0.65,6.156,6.192,5.985,299164.43,316393.23,286752.26,2.46
2019-03-12,6.11,6.25,6.18,6.07,254798.28,0.11,1.81,6.182,6.166,5.953,301903.46,311380.69,279542.52,1.89
2019-03-11,5.94,6.08,6.07,5.9,217908.16,0.13,2.19,6.214,6.14,5.92,311713.09,320181.53,274352.75,1.62
2019-03-08,6.3,6.3,5.94,5.91,403225.72,-0.43,-6.75,6.246,6.13,5.886,349465.57,336246.35,269207.29,2.99
2019-03-07,6.32,6.42,6.37,6.28,288115.59,0.02,0.32,6.282,6.108,5.853,316325.23,310955.87,252908.63,2.14
2019-03-06,6.31,6.35,6.35,6.22,345469.56,0.01,0.16,6.228,6.036,5.792,333622.02,299424.97,242144.33,2.56
2019-03-05,6.2,6.39,6.34,6.15,303846.44,0.11,1.77,6.15,5.972,5.734,320857.91,287808.19,228239.85,2.25
2019-03-04,6.12,6.35,6.23,6.08,406670.56,0.11,1.8,6.066,5.922,5.675,328649.97,307314.74,216585.57,3.02
2019-03-01,6.11,6.17,6.12,5.94,237524.0,0.02,0.33,6.014,5.878,5.624,323027.12,287497.54,200313.31,1.76
2019-02-28,5.97,6.24,6.1,5.97,374599.53,0.14,2.35,5.934,5.823,5.581,305586.5,277704.08,192328.13,2.78
2019-02-27,5.9,6.07,5.96,5.9,281649.03,0.04,0.68,5.844,5.777,5.54,265227.92,257111.29,177369.19,2.09
2019-02-26,5.98,6.05,5.92,5.86,342806.75,-0.05,-0.84,5.794,5.739,5.504,254758.48,247704.34,165733.34,2.54
2019-02-25,5.78,5.99,5.97,5.75,378556.31,0.25,4.37,5.778,5.699,5.472,285979.5,228523.96,151846.95,2.81
2019-02-22,5.65,5.73,5.72,5.62,150320.88,0.07,1.24,5.742,5.642,5.441,251967.95,202168.23,138906.71,1.12
2019-02-21,5.7,5.74,5.65,5.62,172806.64,-0.06,-1.05,5.712,5.598,5.424,249821.66,194861.39,136514.21,1.28
2019-02-20,5.84,5.84,5.71,5.66,229301.8,-0.13,-2.23,5.71,5.547,5.404,248994.65,184863.69,132615.37,1.7
2019-02-19,6.05,6.12,5.84,5.75,498911.88,0.05,0.86,5.684,5.495,5.388,240650.21,168671.51,126077.04,3.7
2019-02-18,5.65,5.8,5.79,5.63,208498.56,0.22,3.95,5.62,5.427,5.365,171068.43,125856.39,105233.3,1.55
2019-02-15,5.64,5.66,5.57,5.53,139589.44,-0.07,-1.24,5.542,5.369,5.34,152368.5,113129.08,97969.04,1.04
2019-02-14,5.59,5.71,5.64,5.55,168671.56,0.06,1.07,5.484,5.339,5.33,139901.12,106952.19,94604.93,1.25
2019-02-13,5.51,5.62,5.58,5.46,187579.62,0.06,1.09,5.384,5.302,5.313,120732.72,97627.09,89784.65,1.39
2019-02-12,5.4,5.55,5.52,5.36,151002.95,0.12,2.22,5.306,5.269,5.302,96692.8,83762.35,86509.85,1.12
2019-02-11,5.27,5.4,5.4,5.25,114998.93,0.12,2.27,5.234,5.245,5.292,80644.36,75169.94,82808.86,0.85
2019-02-01,5.18,5.29,5.28,5.17,77252.54,0.14,2.72,5.196,5.24,5.289,73889.67,75645.19,83182.23,0.57
2019-01-31,5.18,5.24,5.14,5.11,72829.58,-0.05,-0.96,5.194,5.249,5.288,74003.25,78167.02,83563.04,0.54
2019-01-30,5.12,5.26,5.19,5.12,67380.0,0.03,0.58,5.22,5.261,5.288,74521.46,80367.04,82599.04,0.5
2019-01-29,5.21,5.24,5.16,5.1,70760.75,-0.05,-0.96,5.232,5.281,5.286,70831.89,83482.58,82391.52,0.53
2019-01-28,5.29,5.32,5.21,5.2,81225.47,-0.06,-1.14,5.256,5.302,5.287,69695.52,84610.2,81366.64,0.6
2019-01-25,5.29,5.34,5.27,5.25,77820.46,0.0,0.0,5.284,5.31,5.285,77400.71,82809.0,80785.81,0.58
2019-01-24,5.25,5.33,5.27,5.2,75420.62,0.02,0.38,5.304,5.321,5.283,82330.79,82257.67,80986.79,0.56
2019-01-23,5.25,5.32,5.25,5.23,48932.15,-0.03,-0.57,5.302,5.323,5.278,86212.63,81942.21,83055.87,0.36
2019-01-22,5.36,5.38,5.28,5.25,65078.89,-0.07,-1.31,5.33,5.334,5.282,96133.26,89257.36,85821.96,0.48
2019-01-21,5.38,5.43,5.35,5.33,119751.43,-0.02,-0.37,5.348,5.338,5.287,99524.89,90447.77,87721.06,0.89
2019-01-18,5.27,5.44,5.37,5.24,102470.86,0.11,2.09,5.336,5.337,5.292,88217.3,90719.26,87171.47,0.76
2019-01-17,5.38,5.38,5.26,5.25,94829.81,-0.13,-2.41,5.338,5.326,5.298,82184.56,88959.05,88977.88,0.7
2019-01-16,5.37,5.41,5.39,5.31,98535.32,0.02,0.37,5.344,5.315,5.309,77671.79,84831.03,100138.83,0.73
2019-01-15,5.28,5.37,5.37,5.23,82037.03,0.08,1.51,5.338,5.291,5.329,82381.46,81300.46,106399.04,0.61
2019-01-14,5.37,5.37,5.29,5.28,63213.46,-0.09,-1.67,5.328,5.272,5.347,81370.66,78123.08,113982.46,0.47
2019-01-11,5.32,5.39,5.38,5.3,72307.16,0.09,1.7,5.338,5.259,5.374,93221.23,78762.62,122026.96,0.54
2019-01-10,5.36,5.39,5.29,5.29,72266.0,-0.07,-1.31,5.314,5.244,5.398,95733.55,79715.92,136840.38,0.54
2019-01-09,5.38,5.43,5.36,5.34,122083.67,0.04,0.75,5.286,5.232,5.43,91990.27,84169.52,157212.54,0.91
2019-01-08,5.36,5.37,5.32,5.31,76982.99,-0.02,-0.38,5.244,5.229,5.444,80219.46,82386.55,159199.17,0.57
2019-01-07,5.35,5.38,5.34,5.28,122466.32,0.08,1.52,5.216,5.236,5.463,74875.51,84994.35,167655.04,0.91
2019-01-04,5.09,5.28,5.26,5.06,84868.77,0.11,2.14,5.18,5.247,5.478,64304.02,83623.67,171467.36,0.63
2019-01-03,5.15,5.21,5.15,5.11,53549.58,0.0,0.0,5.174,5.27,5.499,63698.28,88996.7,179764.81,0.4
2019-01-02,5.18,5.25,5.15,5.1,63229.64,-0.03,-0.58,5.178,5.302,5.521,76348.78,115446.63,185029.6,0.47
2018-12-28,5.22,5.23,5.18,5.15,50263.23,0.02,0.39,5.214,5.367,5.54,84553.65,131497.62,192937.07,0.37
2018-12-27,5.3,5.33,5.16,5.16,69608.86,-0.07,-1.34,5.256,5.421,5.551,95113.19,149841.83,195509.73,0.52
2018-12-26,5.16,5.26,5.23,5.15,81840.1,0.06,1.16,5.314,5.489,5.56,102943.32,165291.3,201358.54,0.61
2018-12-25,5.22,5.24,5.17,5.03,116802.05,-0.16,-3.0,5.366,5.552,5.565,114295.12,193964.84,203061.96,0.87
2018-12-24,5.39,5.41,5.33,5.27,104254.0,-0.06,-1.11,5.426,5.628,5.571,154544.49,230255.56,200567.88,0.77
2018-12-21,5.41,5.44,5.39,5.33,103060.96,-0.06,-1.1,5.52,5.658,5.569,178441.58,236011.79,200403.34,0.76
2018-12-20,5.45,5.5,5.45,5.4,108759.5,-0.04,-0.73,5.586,5.69,5.563,204570.46,250315.72,203077.04,0.81
2018-12-19,5.46,5.53,5.49,5.42,138599.09,0.02,0.37,5.664,5.709,5.568,227639.28,259311.06,204344.68,1.03
2018-12-18,5.73,5.76,5.47,5.38,318048.88,-0.33,-5.69,5.738,5.727,5.575,273634.57,270532.93,208404.79,2.36
2018-12-17,5.79,5.86,5.8,5.72,223739.48,0.08,1.4,5.83,5.739,5.576,305966.62,254612.57,207202.04,1.66
2018-12-14,5.82,5.89,5.72,5.66,233705.36,-0.12,-2.06,5.796,5.713,5.576,293581.99,254376.52,217642.66,1.73
2018-12-13,5.87,5.92,5.84,5.72,224103.59,-0.02,-0.34,5.794,5.68,5.566,296060.98,241177.64,222246.16,1.66
2018-12-12,5.89,5.99,5.86,5.76,368575.53,-0.07,-1.18,5.754,5.63,5.549,290982.83,237425.77,226383.11,2.73
2018-12-11,5.66,6.08,5.93,5.62,479709.16,0.3,5.33,5.716,5.577,5.521,267431.28,212159.08,216022.65,3.56
2018-12-10,5.66,5.74,5.63,5.53,161816.31,-0.08,-1.4,5.648,5.514,5.489,203258.51,170880.2,203454.15,1.2
2018-12-07,5.62,5.87,5.71,5.62,246100.31,0.07,1.24,5.63,5.48,5.464,215171.06,164794.89,200216.62,1.83
2018-12-06,5.59,5.77,5.64,5.55,198712.86,-0.03,-0.53,5.566,5.436,5.43,186294.29,155838.36,192179.87,1.47
2018-12-05,5.5,5.74,5.67,5.47,250817.77,0.08,1.43,5.506,5.427,5.402,183868.71,149378.31,187960.1,1.86
2018-12-04,5.54,5.64,5.59,5.49,158845.3,0.05,0.9,5.438,5.422,5.373,156886.87,146276.65,181614.22,1.18
2018-12-03,5.53,5.68,5.54,5.44,221379.05,0.15,2.78,5.38,5.412,5.349,138501.9,159791.51,179106.94,1.64
2018-11-30,5.24,5.39,5.39,5.22,101716.47,0.05,0.94,5.33,5.439,5.329,114418.73,180908.81,174785.7,0.75
2018-11-29,5.44,5.6,5.34,5.32,186584.95,0.01,0.19,5.306,5.452,5.316,125382.44,203314.68,176870.38,1.38
2018-11-28,5.3,5.38,5.33,5.17,115908.57,0.03,0.57,5.348,5.468,5.301,114887.91,215340.45,174998.73,0.86
2018-11-27,5.34,5.36,5.3,5.26,66920.44,0.01,0.19,5.406,5.465,5.288,135666.44,219886.23,174967.69,0.5
2018-11-26,5.28,5.38,5.29,5.25,100963.2,0.02,0.38,5.444,5.463,5.273,181081.12,236028.09,177195.59,0.75
2018-11-23,5.54,5.57,5.27,5.25,156535.02,-0.28,-5.04,5.548,5.447,5.255,247398.88,235638.34,179020.66,1.16
2018-11-22,5.63,5.63,5.55,5.45,134112.33,-0.07,-1.25,5.598,5.423,5.247,281246.93,228521.38,183541.33,0.99
2018-11-21,5.48,5.71,5.62,5.39,219801.19,0.13,2.37,5.588,5.377,5.22,315792.99,226541.89,184392.28,1.63
2018-11-20,5.66,5.7,5.49,5.47,293993.88,-0.32,-5.51,5.524,5.323,5.193,304106.03,216951.78,182770.76,2.18
2018-11-19,5.67,5.94,5.81,5.51,432552.0,0.29,5.25,5.482,5.286,5.171,290975.05,198422.38,179510.6,3.21
2018-11-16,5.48,5.62,5.52,5.45,325775.25,0.02,0.36,5.346,5.218,5.134,223877.8,168662.59,170588.09,2.42
2018-11-15,5.24,5.54,5.5,5.24,306842.62,0.2,3.77,5.248,5.18,5.102,175795.82,150426.08,163917.32,2.28
2018-11-14,5.25,5.4,5.3,5.24,161366.41,0.02,0.38,5.166,5.134,5.063,137290.79,134657.0,158150.75,1.2
2018-11-13,5.1,5.42,5.28,5.05,228338.98,0.15,2.92,5.122,5.111,5.035,129797.53,130049.15,156790.66,1.69
2018-11-12,4.99,5.15,5.13,4.97,97065.74,0.1,1.99,5.09,5.082,5.004,105869.7,118363.09,151583.15,0.72
2018-11-09,5.06,5.11,5.03,5.03,85365.36,-0.06,-1.18,5.09,5.063,4.99,113447.39,122402.97,155933.16,0.63
2018-11-08,5.11,5.15,5.09,5.08,114317.44,0.01,0.2,5.112,5.07,4.98,125056.33,138561.29,161440.91,0.85
2018-11-07,5.13,5.15,5.08,5.06,123900.12,-0.04,-0.78,5.102,5.063,4.961,132023.22,142242.68,169832.19,0.92
2018-11-06,5.09,5.13,5.12,5.05,108699.83,-0.01,-0.2,5.1,5.063,4.968,130300.77,148589.74,169630.71,0.81
2018-11-05,5.12,5.16,5.13,5.05,134954.19,-0.01,-0.2,5.074,5.056,4.974,130856.48,160598.83,170570.92,1.0
2018-11-02,5.1,5.15,5.14,5.06,143410.08,0.1,1.98,5.036,5.05,4.979,131358.55,172513.58,179774.99,1.06
2018-11-01,5.13,5.15,5.04,5.03,149151.86,-0.03,-0.59,5.028,5.024,5.007,152066.25,177408.56,193256.01,1.11
2018-10-31,5.0,5.11,5.07,5.0,115287.87,0.08,1.6,5.024,4.992,5.037,152462.14,181644.49,203041.81,0.86
2018-10-30,4.92,5.05,4.99,4.89,111478.42,0.05,1.01,5.026,4.958,5.066,166878.72,183532.18,213938.22,0.83
2018-10-29,5.08,5.15,4.94,4.91,137464.52,-0.16,-3.14,5.038,4.926,5.099,190341.18,184803.2,232420.15,1.02
2018-10-26,5.05,5.26,5.1,5.04,246948.56,0.08,1.59,5.064,4.916,5.151,213668.61,189463.34,264574.29,1.83
2018-10-25,4.86,5.04,5.02,4.8,151131.34,-0.06,-1.18,5.02,4.889,5.203,202750.87,184320.53,300573.86,1.12
2018-10-24,5.06,5.12,5.08,4.97,187370.77,0.03,0.59,4.96,4.858,5.231,210826.85,197421.71,310316.21,1.39
2018-10-23,5.11,5.24,5.05,5.0,228790.72,-0.02,-0.39,4.89,4.873,5.231,200185.63,190671.67,303778.88,1.7
2018-10-22,4.92,5.18,5.07,4.91,254101.66,0.19,3.89,4.814,4.892,5.227,179265.22,180543.0,296961.15,1.88
2018-10-19,4.6,4.92,4.88,4.51,192359.88,0.16,3.39,4.768,4.907,5.23,165258.08,187036.4,287698.6,1.43
2018-10-18,4.73,4.89,4.72,4.66,191511.2,-0.01,-0.21,4.758,4.989,5.242,165890.19,209103.45,280574.57,1.42
2018-10-17,4.8,4.82,4.73,4.57,134164.7,0.06,1.28,4.756,5.082,5.26,184016.57,224439.13,273009.19,1.0
2018-10-16,4.78,4.89,4.67,4.66,124188.66,-0.17,-3.51,4.856,5.173,5.279,181157.71,244344.27,269395.52,0.92
2018-10-15,4.95,5.05,4.84,4.79,184065.95,0.01,0.21,4.97,5.272,5.299,181820.78,280037.09,267624.27,1.37
2018-10-12,4.63,4.87,4.83,4.58,195520.44,0.12,2.55,5.046,5.386,5.318,208814.73,339685.24,263123.68,1.45
2018-10-11,5.02,5.08,4.71,4.71,282143.09,-0.52,-9.94,5.22,5.517,5.34,252316.71,416827.18,255716.76,2.09
2018-10-10,5.25,5.29,5.23,5.14,119870.39,-0.01,-0.19,5.408,5.604,5.369,264861.7,423210.71,245686.73,0.89
2018-10-09,5.29,5.3,5.24,5.2,127504.02,0.02,0.38,5.49,5.588,5.38,307530.84,416886.09,243304.31,0.95
2018-10-08,5.49,5.49,5.22,5.17,319035.69,-0.48,-8.42,5.574,5.562,5.387,378253.41,413379.31,239814.72,2.37
2018-09-28,5.61,5.88,5.7,5.59,413030.38,0.05,0.89,5.726,5.552,5.397,470555.76,388360.79,228736.63,3.06
2018-09-27,5.63,5.69,5.65,5.51,344868.0,0.01,0.18,5.814,5.495,5.386,581337.64,352045.69,211565.7,2.56
2018-09-26,5.7,5.72,5.64,5.58,333216.09,-0.02,-0.35,5.8,5.437,5.381,581559.73,321579.25,197959.89,2.47
2018-09-25,5.7,5.78,5.66,5.62,481116.88,-0.32,-5.35,5.686,5.384,5.379,526241.34,294446.78,186187.08,3.57
2018-09-21,6.04,6.2,5.98,5.92,780547.44,-0.16,-2.61,5.55,5.326,5.376,448505.21,255211.44,167275.83,5.79
2018-09-20,5.6,6.14,6.14,5.56,966939.81,0.56,10.04,5.378,5.25,5.353,306165.82,186562.11,133361.73,7.17
2018-09-19,5.08,5.58,5.58,5.07,345978.41,0.51,10.06,5.176,5.162,5.321,122753.74,94606.34,88351.92,2.57
2018-09-18,4.97,5.09,5.07,4.97,56624.16,0.09,1.81,5.074,5.134,5.313,61598.78,68162.74,73742.18,0.42
2018-09-17,5.1,5.1,4.98,4.97,92436.22,-0.14,-2.73,5.082,5.171,5.335,62652.22,69722.53,75102.56,0.69
2018-09-14,5.14,5.19,5.12,5.1,68850.5,-0.01,-0.2,5.102,5.212,5.359,61917.67,66250.13,73377.85,0.51
2018-09-13,5.1,5.14,5.13,5.07,49879.4,0.06,1.18,5.122,5.241,5.372,66958.4,69112.46,73031.3,0.37
2018-09-12,5.11,5.13,5.07,5.07,40203.61,-0.04,-0.78,5.148,5.277,5.388,66458.95,71085.7,73935.6,0.3
2018-09-11,5.11,5.15,5.11,5.01,61891.35,0.03,0.59,5.194,5.325,5.41,74726.71,74340.53,77264.29,0.46
2018-09-10,5.22,5.25,5.08,5.07,88763.5,-0.14,-2.68,5.26,5.374,5.439,76792.84,77927.39,80656.24,0.66
2018-09-07,5.26,5.37,5.22,5.18,94054.16,-0.04,-0.76,5.322,5.426,5.468,70582.59,79340.22,81535.89,0.7
2018-09-06,5.32,5.37,5.26,5.25,47382.13,-0.04,-0.76,5.36,5.455,5.496,71266.52,80161.34,84415.15,0.35
2018-09-05,5.41,5.43,5.3,5.3,81542.39,-0.14,-2.57,5.406,5.479,5.513,75712.45,82097.49,86567.86,0.6
2018-09-04,5.39,5.47,5.44,5.35,72222.0,0.05,0.93,5.456,5.492,5.523,73954.35,79321.62,85741.89,0.54
2018-09-03,5.41,5.43,5.39,5.33,57712.25,-0.02,-0.37,5.488,5.499,5.528,79061.93,80482.59,85467.43,0.43
2018-08-31,5.49,5.53,5.41,5.39,97473.84,-0.08,-1.46,5.53,5.505,5.529,88097.84,80505.58,86730.39,0.72
2018-08-30,5.55,5.64,5.49,5.49,69611.76,-0.06,-1.08,5.55,5.502,5.533,89056.16,76950.13,86187.6,0.52
2018-08-29,5.58,5.62,5.55,5.52,72751.88,-0.05,-0.89,5.552,5.499,5.531,88482.53,76785.5,89799.27,0.54
2018-08-28,5.65,5.67,5.6,5.57,97759.94,0.0,0.0,5.528,5.495,5.541,84688.9,80188.06,94813.04,0.73
2018-08-27,5.48,5.62,5.6,5.46,102891.8,0.09,1.63,5.51,5.504,5.554,81903.25,83385.09,96222.44,0.76
2018-08-24,5.5,5.6,5.51,5.41,102265.43,0.01,0.18,5.48,5.509,5.572,72913.31,83731.57,104312.69,0.76
2018-08-23,5.46,5.6,5.5,5.46,66743.62,0.07,1.29,5.454,5.537,5.599,64844.09,88668.95,111181.87,0.5
2018-08-22,5.48,5.54,5.43,5.4,53783.72,-0.08,-1.45,5.446,5.547,5.614,65088.46,91038.24,113815.04,0.4
2018-08-21,5.45,5.65,5.51,5.41,83831.68,0.06,1.1,5.462,5.553,5.634,75687.22,92162.16,116585.48,0.62
2018-08-20,5.39,5.45,5.45,5.36,57942.08,0.07,1.3,5.498,5.557,5.648,84866.92,90452.26,120372.4,0.43
2018-08-17,5.52,5.55,5.38,5.37,61919.36,-0.08,-1.47,5.538,5.552,5.656,94549.83,92955.2,122416.91,0.46
2018-08-16,5.47,5.55,5.46,5.35,67965.44,-0.05,-0.91,5.62,5.563,5.662,112493.81,95425.08,122845.91,0.5
2018-08-15,5.73,5.76,5.51,5.5,106777.56,-0.18,-3.16,5.648,5.562,5.66,116988.02,102813.04,122209.78,0.79
2018-08-14,5.6,5.77,5.69,5.57,129730.18,0.04,0.71,5.644,5.587,5.658,108637.09,109438.01,119714.0,0.96
2018-08-13,5.68,5.68,5.65,5.55,106356.62,-0.14,-2.42,5.616,5.604,5.649,96037.6,109059.79,115343.98,0.79
2018-08-10,5.61,5.93,5.79,5.61,151639.23,0.19,3.39,5.566,5.635,5.642,91360.57,124893.81,113398.61,1.12
2018-08-09,5.5,5.66,5.6,5.42,90436.49,0.11,2.0,5.506,5.66,5.628,78356.34,133694.79,110655.99,0.67
2018-08-08,5.55,5.57,5.49,5.49,65022.92,-0.06,-1.08,5.476,5.681,5.622,88638.06,136591.84,110120.84,0.48
2018-08-07,5.43,5.56,5.55,5.37,66732.73,0.15,2.78,5.53,5.714,5.613,110238.93,141008.8,111480.09,0.49
2018-08-06,5.5,5.55,5.4,5.33,82971.49,-0.09,-1.64,5.592,5.739,5.611,122081.99,150292.54,112246.67,0.62
2018-08-03,5.43,5.59,5.49,5.43,86618.09,0.04,0.73,5.704,5.759,5.612,158427.04,151878.62,111381.76,0.64
2018-08-02,5.79,5.79,5.45,5.36,141845.06,-0.31,-5.38,5.814,5.761,5.603,189033.24,150266.75,113060.03,1.05
2018-08-01,5.81,5.94,5.76,5.75,173027.28,-0.1,-1.71,5.886,5.758,5.599,184545.62,141606.52,113454.15,1.28
2018-07-31,5.93,5.98,5.86,5.79,125948.01,-0.1,-1.68,5.898,5.729,5.596,171778.67,129989.99,112003.77,0.93
2018-07-30,6.0,6.27,5.96,5.91,264696.75,-0.08,-1.32,5.886,5.693,5.585,178503.09,121628.16,111457.46,1.96
2018-07-27,5.81,6.22,6.04,5.8,239649.08,0.23,3.96,5.814,5.648,5.562,145330.2,101903.41,105881.05,1.78
2018-07-26,5.78,5.92,5.81,5.78,119407.0,-0.01,-0.17,5.708,5.596,5.553,111500.27,87617.2,98716.66,0.89
2018-07-25,5.79,5.87,5.82,5.73,109192.51,0.02,0.34,5.63,5.562,5.548,98667.42,83649.85,96531.06,0.81
2018-07-24,5.61,5.86,5.8,5.59,159570.12,0.2,3.57,5.56,5.512,5.546,88201.31,81951.38,96294.66,1.18
2018-07-23,5.49,5.62,5.6,5.42,98832.3,0.09,1.63,5.5,5.482,5.551,64753.23,74200.79,93014.46,0.73
2018-07-20,5.39,5.53,5.51,5.33,70499.4,0.09,1.66,5.482,5.464,5.569,58476.62,70884.9,92704.42,0.52
2018-07-19,5.49,5.53,5.42,5.4,55242.79,-0.05,-0.91,5.484,5.445,5.593,63734.12,75853.31,93662.77,0.41
2018-07-18,5.52,5.55,5.47,5.47,56861.96,-0.03,-0.55,5.494,5.439,5.628,68632.27,85301.77,96637.0,0.42
2018-07-17,5.47,5.51,5.5,5.44,42329.71,-0.01,-0.18,5.464,5.462,5.664,75701.45,94017.56,101760.6,0.31
2018-07-16,5.5,5.55,5.51,5.42,67449.22,-0.01,-0.18,5.464,5.477,5.699,83648.36,101286.76,111415.28,0.5
2018-07-13,5.58,5.64,5.52,5.51,96786.94,0.05,0.91,5.446,5.476,5.768,83293.18,109858.7,115069.58,0.72
2018-07-12,5.29,5.49,5.47,5.29,79733.51,0.15,2.82,5.406,5.51,5.839,87972.49,109816.12,115659.25,0.59
2018-07-11,5.41,5.42,5.32,5.24,92207.85,-0.18,-3.27,5.384,5.533,5.911,101971.26,109412.28,117684.76,0.68
2018-07-10,5.45,5.5,5.5,5.41,82064.26,0.08,1.48,5.46,5.579,5.99,112333.67,110637.94,116432.05,0.61
2018-07-09,5.33,5.44,5.42,5.31,65673.34,0.1,1.88,5.49,5.62,6.059,118925.17,111828.13,115816.48,0.49
2018-07-06,5.4,5.43,5.32,5.14,120183.48,-0.04,-0.75,5.506,5.674,6.129,136424.21,114523.93,116286.82,0.89
2018-07-05,5.65,5.66,5.36,5.31,149727.39,-0.34,-5.96,5.614,5.741,6.21,131659.76,111472.24,113875.83,1.11
2018-07-04,5.61,5.87,5.7,5.6,144019.86,0.05,0.89,5.682,5.817,6.289,116853.3,107972.23,110310.9,1.07
2018-07-03,5.53,5.67,5.65,5.46,115021.76,0.15,2.73,5.698,5.866,6.355,108942.21,109503.65,108401.04,0.85
2018-07-02,5.83,5.87,5.5,5.43,153168.58,-0.36,-6.14,5.75,5.921,6.418,104731.1,121543.8,107620.93,1.14
2018-06-29,5.72,5.95,5.86,5.66,96361.21,0.16,2.81,5.842,6.06,6.488,92623.65,120280.47,104923.85,0.71
2018-06-28,5.76,5.81,5.7,5.69,75695.07,-0.08,-1.38,5.868,6.167,6.541,91284.71,121502.38,105817.94,0.56
2018-06-27,5.9,5.97,5.78,5.74,104464.41,-0.13,-2.2,5.952,6.289,6.597,99091.16,125957.24,110351.59,0.77
2018-06-26,5.86,5.93,5.91,5.77,93966.23,-0.05,-0.84,6.034,6.401,6.664,110065.09,122226.16,110555.83,0.7
2018-06-25,6.06,6.09,5.96,5.94,92631.35,-0.03,-0.5,6.092,6.497,6.727,138356.51,119804.84,112175.17,0.69
2018-06-22,5.96,6.02,5.99,5.83,89666.49,0.05,0.84,6.278,6.584,6.797,147937.28,118049.7,115389.07,0.67
2018-06-21,6.16,6.35,6.12,6.05,114727.33,-0.07,-1.13,6.466,6.679,6.873,151720.04,116279.42,117834.6,0.85
2018-06-20,6.16,6.25,6.19,5.93,159334.05,-0.01,-0.16,6.626,6.761,6.937,152823.32,112649.56,117575.76,1.18
2018-06-19,6.64,6.68,6.2,6.2,235423.31,-0.69,-10.02,6.768,6.844,7.001,134387.22,107298.44,116592.38,1.75
2018-06-15,6.94,7.02,6.89,6.76,140535.22,-0.04,-0.58,6.902,6.914,7.068,101253.16,93698.05,111962.59,1.04
2018-06-14,6.88,7.0,6.93,6.86,108580.3,0.01,0.14,6.89,6.915,7.099,88162.12,89567.23,111357.99,0.81
2018-06-13,6.92,7.03,6.92,6.88,120243.73,0.02,0.29,6.892,6.915,7.128,80838.8,90133.51,112821.96,0.89
2018-06-12,6.88,6.92,6.9,6.78,67153.54,0.03,0.44,6.896,6.905,7.154,72475.8,94745.93,113621.69,0.5
2018-06-11,6.85,6.95,6.87,6.82,69753.03,0.04,0.59,6.92,6.926,7.181,80209.66,98885.51,118537.58,0.52
2018-06-08,6.94,6.96,6.83,6.77,75080.0,-0.11,-1.58,6.926,6.956,7.203,86142.94,104545.5,123909.08,0.56
2018-06-07,6.94,6.98,6.94,6.92,71963.71,0.0,0.0,6.94,7.01,7.236,90972.35,112728.44,133047.78,0.53
2018-06-06,7.02,7.02,6.94,6.9,78428.74,-0.08,-1.14,6.938,7.066,7.267,99428.21,119389.78,146698.77,0.58
2018-06-05,6.91,7.02,7.02,6.88,105822.81,0.12,1.74,6.914,7.113,7.287,117016.05,122501.96,152892.15,0.78
2018-06-04,6.86,6.96,6.9,6.86,99419.46,0.0,0.0,6.932,7.157,7.31,117561.35,125886.32,165705.84,0.74
2018-06-01,6.87,7.02,6.9,6.79,99227.01,-0.03,-0.43,6.986,7.222,7.329,122948.05,130227.12,170060.72,0.74
2018-05-31,6.87,7.02,6.93,6.83,114243.03,0.11,1.61,7.08,7.283,7.341,134484.53,133148.76,172708.62,0.85
2018-05-30,7.01,7.07,6.82,6.75,166367.95,-0.29,-4.08,7.194,7.341,7.351,139351.36,135510.41,173562.37,1.23
2018-05-29,7.14,7.24,7.11,7.07,108549.32,-0.06,-0.84,7.312,7.403,7.363,127987.86,132497.46,170189.77,0.81
2018-05-28,7.36,7.39,7.17,7.15,126352.94,-0.2,-2.71,7.382,7.435,7.357,134211.29,138189.65,168628.89,0.94
2018-05-25,7.48,7.53,7.37,7.36,156909.41,-0.13,-1.73,7.458,7.449,7.343,137506.18,143272.66,168596.53,1.16
2018-05-24,7.4,7.5,7.5,7.34,138577.16,0.09,1.22,7.486,7.462,7.33,131812.98,153367.13,170154.13,1.03
2018-05-23,7.41,7.48,7.41,7.38,109550.46,-0.05,-0.67,7.488,7.468,7.318,131669.47,174007.75,176108.87,0.81
2018-05-22,7.5,7.55,7.46,7.38,139666.48,-0.09,-1.19,7.494,7.46,7.291,137007.05,183282.34,176794.61,1.04
2018-05-21,7.52,7.64,7.55,7.51,142827.41,0.04,0.53,7.488,7.462,7.268,142168.0,205525.36,176215.93,1.06
2018-05-18,7.49,7.54,7.51,7.43,128443.4,0.0,0.0,7.44,7.435,7.247,149039.13,209894.33,174613.45,0.95
2018-05-17,7.45,7.55,7.51,7.43,137859.61,0.07,0.94,7.438,7.398,7.228,174921.28,212268.48,174613.61,1.02
2018-05-16,7.37,7.55,7.44,7.36,136238.36,0.01,0.14,7.448,7.36,7.205,216346.03,211614.33,173902.28,1.01
2018-05-15,7.31,7.5,7.43,7.26,165471.22,0.12,1.64,7.426,7.322,7.195,229557.62,207882.08,173816.58,1.23
2018-05-14,7.42,7.48,7.31,7.27,177183.05,-0.19,-2.53,7.436,7.278,7.188,268882.72,199068.13,174780.91,1.31
2018-05-11,7.51,7.66,7.5,7.4,257854.16,-0.06,-0.79,7.43,7.237,7.18,270749.52,193920.41,172308.8,1.91
2018-05-10,7.33,7.69,7.56,7.33,344983.38,0.23,3.14,7.358,7.198,7.168,249615.67,186941.13,167687.9,2.56
2018-05-09,7.45,7.45,7.33,7.3,202296.3,-0.15,-2.0,7.272,7.168,7.155,206882.62,178209.98,158728.31,1.5
2018-05-08,7.29,7.59,7.48,7.25,362096.69,0.2,2.75,7.218,7.122,7.148,186206.53,170306.89,156684.92,2.69
2018-05-07,7.15,7.31,7.28,7.15,186517.08,0.14,1.96,7.12,7.074,7.132,129253.55,146906.5,146271.33,1.38
2018-05-04,7.12,7.21,7.14,7.09,152184.92,0.01,0.14,7.044,7.058,7.122,117091.29,139332.58,145215.5,1.13
2018-05-03,7.07,7.14,7.13,7.02,131318.09,0.07,0.99,7.038,7.057,7.128,124266.59,136958.74,146457.44,0.97
2018-05-02,7.01,7.11,7.06,7.0,98915.88,0.07,1.0,7.064,7.05,7.127,149537.34,136190.24,147254.25,0.73
2018-04-27,6.97,7.03,6.99,6.91,77331.76,0.09,1.3,7.026,7.068,7.131,154407.25,139751.08,149939.72,0.57
2018-04-26,7.13,7.16,6.9,6.9,125705.79,-0.21,-2.95,7.028,7.098,7.139,164559.45,150493.68,154210.77,0.93
2018-04-25,7.2,7.21,7.11,7.09,188061.44,-0.15,-2.07,7.072,7.122,7.154,161573.87,150697.2,155992.33,1.39
2018-04-24,6.87,7.35,7.26,6.87,257671.84,0.39,5.68,7.076,7.138,7.157,149650.89,148434.66,153854.39,1.91
2018-04-23,7.0,7.03,6.87,6.81,123265.41,-0.13,-1.86,7.036,7.142,7.15,122843.15,139246.64,146438.86,0.91
2018-04-20,7.1,7.12,7.0,6.97,128092.75,-0.12,-1.69,7.11,7.174,7.172,125094.9,143062.95,148221.43,0.95
2018-04-19,7.14,7.19,7.12,7.1,110777.92,-0.01,-0.14,7.168,7.189,7.186,136427.92,145636.17,149898.82,0.82
2018-04-18,7.16,7.19,7.13,7.0,128446.55,0.07,0.99,7.172,7.186,7.192,139820.53,151098.42,153455.27,0.95
2018-04-17,7.24,7.25,7.06,7.05,123633.1,-0.18,-2.49,7.2,7.198,7.198,147218.42,155956.14,155956.14,0.92
2018-04-16,7.25,7.36,7.24,7.17,134524.19,-0.05,-0.69,7.248,7.213,7.213,155650.14,159547.59,159547.59,1.0
2018-04-13,7.26,7.36,7.29,7.23,184757.84,0.15,2.1,7.238,7.21,7.21,161030.99,162675.52,162675.52,1.37
2018-04-12,7.25,7.25,7.14,7.13,127740.97,-0.13,-1.79,7.21,7.199,7.199,154844.42,159520.9,159520.9,0.95
2018-04-11,7.32,7.38,7.27,7.27,165436.02,-0.03,-0.41,7.2,7.208,7.208,162376.32,164817.55,164817.55,1.23
2018-04-10,7.21,7.3,7.3,7.16,165791.66,0.11,1.53,7.196,7.196,7.196,164693.86,164693.86,164693.86,1.23
2018-04-09,7.14,7.25,7.19,7.0,161428.45,0.04,0.56,7.17,7.17,7.17,164419.41,164419.41,164419.41,1.2
2018-04-04,7.15,7.26,7.15,7.1,153824.98,0.06,0.85,7.163,7.163,7.163,165416.39,165416.39,165416.39,1.14
2018-04-03,7.14,7.16,7.09,7.05,165400.48,-0.16,-2.21,7.17,7.17,7.17,171212.1,171212.1,171212.1,1.23
2018-04-02,7.32,7.39,7.25,7.22,177023.72,-0.12,-1.63,7.25,7.25,7.25,177023.72,177023.72,177023.72,1.31
